484
24.596748 24.596748 1.000000        Interval: 10000.000000
0 36 : 284
0 38 : 302
0 404 : 333
1 304 : 324
1 311 : 436
1 335 : 330
2 292 : 288
2 334 : 302
2 363 : 261
3 226 : 445
4 125 : 367
4 265 : 407
4 481 : 424
5 196 : 577
5 206 : 329
5 286 : 735
6 198 : 302
6 210 : 487
6 471 : 386
7 63 : 412
7 234 : 527
7 475 : 461
8 90 : 454
8 210 : 261
8 257 : 376
9 77 : 354
9 475 : 417
10 148 : 372
10 225 : 494
10 348 : 284
11 172 : 715
11 474 : 706
12 368 : 378
12 384 : 332
12 431 : 386
13 440 : 412
14 81 : 337
14 430 : 636
14 450 : 520
15 168 : 407
15 214 : 312
15 251 : 531
16 54 : 448
16 61 : 314
16 375 : 343
17 141 : 468
17 143 : 480
17 387 : 275
18 76 : 333
19 377 : 719
19 405 : 729
20 217 : 471
20 228 : 438
20 334 : 382
23 205 : 471
23 276 : 447
23 298 : 453
24 163 : 441
24 169 : 343
24 361 : 419
25 49 : 654
25 282 : 594
26 77 : 378
26 197 : 580
26 262 : 397
27 166 : 432
27 239 : 511
27 469 : 412
28 129 : 270
28 354 : 422
28 466 : 446
29 309 : 468
29 356 : 555
29 357 : 595
30 105 : 581
30 179 : 598
31 223 : 520
31 365 : 325
31 441 : 319
32 122 : 324
32 383 : 359
32 438 : 316
33 297 : 545
34 120 : 481
34 197 : 550
35 186 : 359
35 348 : 316
35 369 : 390
36 207 : 417
36 328 : 438
38 199 : 447
39 240 : 362
39 286 : 595
39 316 : 323
40 377 : 315
40 403 : 502
40 459 : 406
41 121 : 627
41 199 : 469
41 366 : 879
42 53 : 412
42 81 : 311
43 217 : 479
43 292 : 312
44 47 : 262
44 91 : 468
44 323 : 433
45 167 : 303
45 316 : 330
45 379 : 214
46 221 : 504
46 392 : 550
47 406 : 362
47 444 : 591
48 171 : 363
48 274 : 466
48 339 : 420
49 201 : 381
49 442 : 410
50 183 : 353
50 204 : 290
50 290 : 357
51 262 : 431
51 271 : 353
51 439 : 346
52 111 : 565
52 279 : 276
52 347 : 398
53 205 : 468
53 278 : 386
54 260 : 396
55 153 : 617
56 381 : 343
57 193 : 345
58 111 : 522
58 133 : 324
58 405 : 486
59 100 : 367
59 101 : 318
60 86 : 362
60 242 : 335
60 453 : 486
61 268 : 479
61 416 : 373
62 116 : 493
62 394 : 401
62 460 : 420
64 73 : 429
64 394 : 367
65 370 : 339
65 448 : 321
65 483 : 287
66 113 : 382
66 281 : 356
66 410 : 601
67 359 : 415
68 89 : 311
68 224 : 511
68 364 : 502
69 167 : 336
69 240 : 457
70 170 : 651
70 237 : 501
70 449 : 411
71 155 : 367
71 476 : 328
71 480 : 438
72 261 : 462
72 442 : 485
73 281 : 501
73 427 : 404
74 78 : 373
74 266 : 433
74 413 : 374
75 233 : 415
75 426 : 906
76 267 : 514
76 433 : 413
77 237 : 505
78 357 : 710
79 86 : 417
79 312 : 462
79 314 : 399
80 146 : 385
80 243 : 279
80 368 : 393
81 464 : 445
82 271 : 425
83 135 : 358
84 150 : 342
84 210 : 570
84 274 : 468
85 261 : 366
85 393 : 290
85 457 : 589
87 410 : 341
88 95 : 527
88 234 : 440
88 288 : 469
89 102 : 327
89 198 : 295
90 182 : 528
90 383 : 301
91 378 : 556
92 384 : 336
92 419 : 434
92 425 : 506
93 302 : 399
93 393 : 268
93 480 : 364
94 132 : 322
94 208 : 312
94 476 : 312
95 118 : 528
96 406 : 576
96 409 : 322
96 430 : 592
97 130 : 333
97 329 : 466
97 451 : 458
98 241 : 484
99 164 : 486
99 324 : 563
99 463 : 321
100 228 : 460
100 422 : 330
101 322 : 247
101 374 : 614
102 295 : 458
102 385 : 358
103 137 : 286
103 158 : 548
103 227 : 535
104 150 : 553
104 257 : 436
105 435 : 443
106 296 : 444
106 463 : 366
107 176 : 556
107 181 : 611
108 112 : 651
108 239 : 635
109 128 : 344
109 379 : 406
109 477 : 407
110 195 : 457
110 203 : 533
113 364 : 557
113 417 : 552
114 124 : 299
114 322 : 419
114 422 : 367
115 325 : 409
115 333 : 299
116 167 : 291
116 477 : 519
117 188 : 504
117 462 : 465
118 310 : 649
118 382 : 580
119 222 : 523
119 412 : 429
120 138 : 456
120 193 : 235
121 359 : 392
121 360 : 416
122 178 : 341
123 424 : 507
124 156 : 250
124 349 : 326
125 293 : 406
125 371 : 401
126 185 : 362
126 470 : 327
126 480 : 265
127 209 : 417
127 430 : 401
128 154 : 368
128 463 : 393
129 151 : 349
129 424 : 332
130 139 : 361
130 222 : 285
131 303 : 556
131 460 : 691
132 200 : 308
132 393 : 271
133 224 : 460
133 280 : 798
134 175 : 510
134 231 : 510
134 352 : 477
135 244 : 438
136 166 : 342
136 206 : 282
136 216 : 490
137 337 : 388
137 362 : 261
138 238 : 412
138 407 : 373
139 401 : 419
139 412 : 325
140 355 : 422
140 423 : 433
141 425 : 517
142 187 : 485
142 237 : 454
142 318 : 273
143 251 : 663
143 270 : 436
144 249 : 584
144 282 : 557
145 318 : 343
145 392 : 393
145 414 : 244
146 203 : 426
146 465 : 358
147 333 : 394
148 244 : 319
148 434 : 329
149 207 : 293
149 300 : 299
149 389 : 312
150 171 : 303
151 219 : 364
151 376 : 376
152 321 : 267
152 380 : 595
152 464 : 464
153 247 : 519
153 376 : 229
154 324 : 406
154 346 : 521
155 185 : 557
155 424 : 422
156 211 : 451
156 455 : 449
157 203 : 402
158 344 : 538
158 374 : 647
159 231 : 457
159 246 : 476
160 333 : 450
160 472 : 448
161 357 : 663
161 367 : 341
161 375 : 356
162 184 : 344
162 336 : 326
162 458 : 447
163 230 : 390
163 355 : 345
164 255 : 466
164 296 : 413
165 299 : 395
165 302 : 391
165 470 : 403
168 435 : 481
168 445 : 404
169 275 : 346
169 439 : 454
170 191 : 399
171 229 : 442
172 225 : 488
172 434 : 420
173 277 : 432
173 420 : 349
174 309 : 405
174 352 : 306
174 367 : 448
175 328 : 451
176 397 : 475
177 201 : 441
177 291 : 580
177 400 : 604
178 287 : 367
179 184 : 581
179 335 : 263
180 227 : 410
180 406 : 379
181 299 : 691
181 332 : 320
182 305 : 526
182 482 : 292
183 273 : 355
183 479 : 458
184 311 : 350
185 354 : 431
186 473 : 421
187 193 : 359
187 414 : 409
189 245 : 421
189 304 : 361
189 431 : 440
190 283 : 351
190 356 : 338
191 440 : 473
192 418 : 236
192 421 : 772
192 459 : 790
195 413 : 604
196 256 : 421
196 303 : 497
198 280 : 509
199 380 : 535
200 283 : 389
200 443 : 461
201 232 : 531
202 308 : 370
202 373 : 441
204 216 : 677
204 437 : 479
205 447 : 259
206 320 : 254
208 389 : 635
208 443 : 510
209 300 : 368
209 409 : 297
211 238 : 578
211 423 : 494
212 267 : 582
212 433 : 623
213 230 : 373
214 289 : 442
215 275 : 401
215 355 : 412
216 454 : 358
218 270 : 318
218 474 : 447
219 247 : 531
219 466 : 562
220 232 : 591
220 372 : 395
220 478 : 451
221 402 : 431
221 414 : 455
222 307 : 541
223 396 : 292
223 417 : 545
224 396 : 503
225 234 : 610
226 358 : 295
226 360 : 465
227 252 : 463
229 269 : 453
229 371 : 407
230 479 : 482
231 309 : 474
232 285 : 293
233 371 : 515
235 258 : 390
235 263 : 464
235 412 : 456
236 318 : 308
236 327 : 691
236 449 : 579
238 349 : 571
239 438 : 300
242 260 : 378
242 308 : 378
243 413 : 542
243 431 : 477
244 331 : 318
245 315 : 336
245 384 : 330
246 313 : 355
246 328 : 521
248 310 : 477
248 370 : 655
248 391 : 492
249 272 : 257
250 253 : 448
252 284 : 606
252 344 : 209
253 361 : 396
253 391 : 287
254 263 : 567
254 301 : 462
254 408 : 427
255 350 : 355
256 320 : 555
257 287 : 369
258 408 : 496
258 446 : 354
260 268 : 354
261 283 : 401
263 401 : 582
264 395 : 404
266 291 : 639
266 343 : 405
267 290 : 362
268 373 : 461
269 294 : 383
269 420 : 424
271 475 : 375
272 427 : 810
272 457 : 960
273 388 : 376
273 483 : 609
276 395 : 486
277 294 : 496
277 456 : 468
278 390 : 410
279 452 : 438
279 458 : 284
282 365 : 375
284 351 : 605
287 383 : 294
288 301 : 696
288 382 : 679
289 435 : 335
290 454 : 317
291 297 : 483
292 428 : 363
293 353 : 509
293 432 : 533
294 481 : 439
295 305 : 605
298 366 : 694
299 427 : 652
300 404 : 385
301 474 : 204
303 385 : 305
304 478 : 315
306 375 : 379
307 329 : 437
308 314 : 367
310 319 : 524
311 372 : 319
313 443 : 376
315 419 : 338
315 445 : 345
316 437 : 359
317 455 : 380
319 324 : 559
320 469 : 487
322 342 : 555
323 376 : 306
325 374 : 392
326 354 : 396
330 411 : 569
330 467 : 500
331 381 : 241
331 415 : 310
332 470 : 380
334 453 : 469
335 445 : 385
336 345 : 443
336 441 : 367
337 436 : 490
338 366 : 284
338 380 : 436
338 447 : 272
339 420 : 361
339 421 : 359
341 352 : 331
341 353 : 556
341 432 : 504
342 362 : 521
343 429 : 362
343 478 : 435
344 351 : 673
345 372 : 463
345 462 : 252
346 370 : 531
347 415 : 573
347 461 : 614
348 381 : 311
349 402 : 585
353 426 : 632
356 400 : 603
358 359 : 457
358 426 : 540
361 398 : 449
362 450 : 586
363 386 : 670
363 465 : 513
364 385 : 438
365 462 : 321
367 416 : 385
373 481 : 218
377 418 : 386
378 476 : 402
379 448 : 439
382 408 : 552
386 399 : 514
386 428 : 227
388 437 : 337
388 448 : 402
389 444 : 588
390 411 : 473
390 423 : 422
392 456 : 439
395 454 : 438
396 452 : 588
397 477 : 487
398 483 : 482
402 422 : 401
403 461 : 368
409 444 : 477
410 460 : 496
415 458 : 475
416 432 : 402
421 449 : 354
425 468 : 321
428 468 : 325
438 482 : 318
441 452 : 481
442 457 : 485
447 464 : 404
450 467 : 400
451 472 : 331
453 465 : 553
455 467 : 419
459 473 : 426
461 473 : 458
468 472 : 367
469 482 : 286
